777
speech
1654,84, p1, 118
1654,84, p_aei, 105
1654,84, p_cdgknstxyz, 105
1654,84, p_u, 105
1654,84, p_aei, 105
1654,84, p_r, 105
1654,84, p_cdgknstxyz, 105
1654,84, p_aei, 105
1654,84, p_cdgknstxyz, 105
1654,84, p_aei, 105
1654,84, p_u, 105
1654,84, p_aei, 105
1654,84, p_cdgknstxyz, 175
1654,84, p1, 50
1654,84, p_aei, 170
1654,84, p1, 78
1654,84, p_aei, 105
1654,84, p_cdgknstxyz, 105
1654,84, p_l, 105
1654,84, p_bmp, 105
1654,84, p_cdgknstxyz, 105
1654,84, p_th, 105
1654,84, p_cdgknstxyz, 145
1654,84, p1, 500
