777
speech
1654,84, p1, 90
1654,84, p_cdgknstxyz, 100
1654,84, p_o, 100
1654,84, p_u, 100
1654,84, p_aei, 100
1654,84, p_cdgknstxyz, 100
1654,84, p_aei, 100
1654,84, p_cdgknstxyz, 124
1654,84, p1, 590
1654,84, p_cdgknstxyz, 100
1654,84, p_ch, 100
1654,84, p_u, 100
1654,84, p_aei, 100
1654,84, p_o, 100
1654,84, p_cdgknstxyz, 100
1654,84, p_ch, 100
1654,84, p_aei, 100
1654,84, p_cdgknstxyz, 100
1654,84, p_bmp, 100
1654,84, p_r, 100
1654,84, p_cdgknstxyz, 100
1654,84, p_ee, 100
1654,84, p_aei, 100
1654,84, p_ee, 165
1654,84, p1, 500
