888
speech
0, 230, p1, 198
0, 230, s_u, 120
0, 230, s_ch, 120
0, 230, s_r, 120
0, 230, s_o, 120
0, 230, s_aei, 120
0, 230, s_cdgknstxyz, 120
0, 230, s_aei, 120
0, 230, s_qw, 120
0, 230, s_fv, 120
0, 230, s_cdgknstxyz, 120
0, 230, s_u, 120
0, 230, s_qw, 120
0, 230, s_cdgknstxyz, 120
0, 230, s_th, 120
0, 230, s_cdgknstxyz, 121
0, 230, p1, 226
0, 230, s_aei, 120
0, 230, s_bmp, 120
0, 230, s_l, 120
0, 230, s_aei, 120
0, 230, s_cdgknstxyz, 120
0, 230, s_r, 120
0, 230, s_o, 120
0, 230, s_aei, 120
0, 230, s_o, 120
0, 230, s_th, 120
0, 230, s_cdgknstxyz, 120
0, 230, s_aei, 120
0, 230, s_qw, 120
0, 230, s_cdgknstxyz, 120
0, 230, s_u, 120
0, 230, s_qw, 120
0, 230, s_aei, 120
0, 230, s_u, 158
0, 230, p1, 500