888
speech
0, 230, p1, 356
0, 230, s_u, 120
0, 230, s_aei, 120
0, 230, s_ee, 120
0, 230, s_aei, 120
0, 230, s_cdgknstxyz, 120
0, 230, s_ch, 120
0, 230, s_aei, 120
0, 230, s_cdgknstxyz, 120
0, 230, s_aei, 120
0, 230, s_o, 210
0, 230, p1, 32
0, 230, s_aei, 120
0, 230, s_th, 120
0, 230, s_bmp, 120
0, 230, s_aei, 120
0, 230, s_qw, 120
0, 230, s_o, 189
0, 230, p1, 58
0, 230, s_aei, 120
0, 230, s_cdgknstxyz, 120
0, 230, s_l, 120
0, 230, s_aei, 120
0, 230, s_cdgknstxyz, 120
0, 230, s_aei, 228
0, 230, p1, 535
0, 230, s_aei, 120
0, 230, s_cdgknstxyz, 120
0, 230, s_fv, 202
0, 230, p1, 40
0, 230, s_u, 120
0, 230, s_ch, 120
0, 230, s_o, 120
0, 230, s_cdgknstxyz, 120
0, 230, s_aei, 120
0, 230, s_l, 120
0, 230, s_cdgknstxyz, 120
0, 230, s_ee, 120
0, 230, s_bmp, 120
0, 230, s_cdgknstxyz, 120
0, 230, s_ch, 151
0, 230, p1, 174
0, 230, s_cdgknstxyz, 120
0, 230, s_bmp, 120
0, 230, s_cdgknstxyz, 120
0, 230, s_l, 163
0, 230, p1, 383
0, 230, s_o, 145
0, 230, p1, 36
0, 230, s_cdgknstxyz, 70
0, 230, p1, 23
0, 230, s_aei, 120
0, 230, s_cdgknstxyz, 145
0, 230, p1, 55
0, 230, s_ee, 120
0, 230, s_r, 120
0, 230, s_u, 120
0, 230, s_cdgknstxyz, 120
0, 230, s_qw, 120
0, 230, s_r, 120
0, 230, s_aei, 120
0, 230, s_th, 178
0, 230, p1, 500