888
speech
0, 230, p1, 302
0, 230, s_aei, 120
0, 230, s_cdgknstxyz, 120
0, 230, s_aei, 173
0, 230, p1, 165
0, 230, s_cdgknstxyz, 120
0, 230, s_aei, 120
0, 230, s_th, 120
0, 230, s_cdgknstxyz, 120
0, 230, s_o, 120
0, 230, s_ee, 120
0, 230, s_aei, 228
0, 230, p1, 22
0, 230, s_qw, 120
0, 230, s_aei, 120
0, 230, s_o, 120
0, 230, s_ch, 120
0, 230, s_cdgknstxyz, 191
0, 230, p1, 138
0, 230, s_cdgknstxyz, 236
0, 230, p1, 52
0, 230, s_cdgknstxyz, 120
0, 230, s_o, 120
0, 230, s_aei, 238
0, 230, p1, 728
0, 230, s_cdgknstxyz, 120
0, 230, s_l, 120
0, 230, s_cdgknstxyz, 120
0, 230, s_fv, 120
0, 230, s_aei, 120
0, 230, s_bmp, 130
0, 230, p1, 30
0, 230, s_qw, 120
0, 230, s_o, 120
0, 230, s_cdgknstxyz, 120
0, 230, s_o, 120
0, 230, s_aei, 120
0, 230, s_cdgknstxyz, 120
0, 230, s_aei, 120
0, 230, s_qw, 231
0, 230, p1, 41
0, 230, s_o, 120
0, 230, s_ee, 120
0, 230, s_aei, 184
0, 230, p1, 42
0, 230, s_ch, 113
0, 230, p1, 74
0, 230, s_cdgknstxyz, 120
0, 230, s_th, 120
0, 230, s_cdgknstxyz, 120
0, 230, s_aei, 120
0, 230, s_cdgknstxyz, 120
0, 230, s_l, 120
0, 230, s_u, 213
0, 230, p1, 500