2620
2628
3539
2109
945
3647
1623
2046
167
3434
3497
3366
1102
2624
784
3382
3195
3013
3010
734
43
651
2267
2789
2649
1080
1220
2481
2545
447
150
827
2696
3133
3315
2499
3426
929
1534
947
825
2555
3272
261
3134
1997
1038
1702
1351
378
1775
1560
3635
3304
600
1214
226
3006
2939
2790
3454
3626
361
2450
752
1343
250
2704
701
1101
799
1498
3616
1580
3332
2319
2845
2805
2294
479
3371
3095
665
2134
2630
1819
171
3478
2501
2883
3188
3070
1263
1628
3518
2377
180
653
3519
184
3486
274
787
637
1592
1653
1224
3011
1619
1281
1119
3211
3137
538
232
204
3120
2194
3044
521
1195
33
2559
2992
3439
319
3015
948
3561
1979
1425
2770
833
1272
3406
2507
1574
731
3423
1130
648
2203
2493
259
977
2483
471
714
1415
3020
1086
2474
1840
3514
3555
3575
3630
1017
208
1784
341
2262
2413
2427
2083
845
566
2511
548
2225
2082
2456
594
3203
1886
997
1181
2686
2919
2599
1936
903
1758
2689
2436
709
3169
660
644
2896
1097
1273
3528
2823
861
371
1095
2049
2646
3103
2551
2228
2978
1365
141
2496
2199
2318
2629
3274
58
2056
526
1323
3550
1313
3007
889
1441
2175
1059
3178
3198
2544
2306
234
2269
131
3595
2703
930
176
1924
3597
1456
1029
486
1012
1275
1408
1036
1649
989
53
1303
2447
888
1573
624
3256
2255
1298
2115
3488
2585
3242
2322
1643
249
3325
1092
2633
1504
765
516
2472
3567
135
1035
2715
2799
769
3000
2034
31
737
1134
399
1042
3073
1250
73
2286
569
885
3608
2842
1600
1072
465
506
2204
1007
383
26
1914
2834
2142
3394
445
2758
289
2210
2231
2603
2707
1593
495
423
1116
2587
898
2236
3028
1851
277
66
2339
2656
2941
1191
3481
1779
1946
3221
2402
1489
1627
3049
195
1509
1712
1959
148
3146
2239
3529
380
1318
3633
2818
2673
339
1830
2181
3075
430
1951
1677
1992
3001
61
3035
2426
3150
409
1612
1798
2809
3287
2606
1133
2785
3504
1324
1315
3167
377
3024
3016
1077
2229
747
1778
2156
2754
2970
3043
1769
2592
876
3216
2957
3091
3470
1432
3538
1752
270
2425
979
1654
300
2724
2268
2075
2359
2457
689
3149
1355
2996
2578
3338
2601
2598
124
1553
1179
2364
1184
3463
1993
1910
2227
2914
1519
2200
1006
2191
3340
1601
2085
510
2218
2829
3090
782
984
2828
1167
627
712
1189
132
2355
1614
2375
68
2146
422
2604
3005
143
2565
540
3092
2094
3027
685
841
2298
3485
442
3249
292
1996
2610
900
2380
754
2690
3522
2574
1389
478
1555
354
3199
3516
1439
2650
3003
3065
1863
2394
385
3477
873
1352
3009
424
2810
2172
2275
1680
1605
1467
1932
1198
642
2087
3564
1083
2859
2351
3537
2835
1966
318
3296
3364
3496
1902
179
2955
1175
962
2589
1754
588
816
2518
3114
482
3411
584
1543
2245
45
3226
82
1308
557
1472
1335
1806
2825
2027
348
2575
2563
209
3085
1
2089
2508
402
1009
1667
1388
2663
1403
2424
2729
753
3421
1371
472
4
3293
487
1793
2030
764
867
126
3129
2420
1383
3653
636
1507
3629
777
1852
1419
3063
2230
44
1011
174
99
2188
1603
868
1530
2660
446
2022
2774
193
1446
298
2097
1410
1742
693
102
3458
429
821
1417
2345
2291
2875
2573
1741
1349
2751
2632
2069
2675
1052
3581
1443
1529
3322
1977
2596
3112
3436
2503
1079
1941
1608
3267
2904
808
3569
3459
2949
2664
2488
1928
3012
3206
2374
1937
732
2410
3358
571
3264
2045
1611
2981
196
1578
3456
1234
797
434
3578
1434
3295
1137
551
3308
1965
3135
766
2086
1760
2168
219
1711
1854
3473
565
388
2124
1570
2800
875
2026
3297
2216
1033
847
2841
2755
115
182
1950
3336
2145
711
3128
1967
2103
1637
2350
189
366
922
2117
190
1168
2358
3596
2389
1542
1678
1032
3410
3145
1751
1001
2807
2284
1581
1930
2458
136
3025
890
3008
1409
2096
2099
592
3139
1822
2611
1156
2853
3212
3441
2281
2899
187
1270
561
2731
1118
3418
3077
2310
2930
1475
3357
2048
1062
3144
281
3313
628
1869
1777
3244
347
1452
272
3017
950
1474
1386
768
3254
904
3545
1744
443
2827
401
2844
3319
35
805
1844
2934
581
826
1249
3623
211
654
3636
2012
3215
2114
2749
1463
819
1859
1662
3280
2278
3161
2428
554
1378
1426
3045
1132
1071
676
2831
302
3162
1969
810
2897
3428
690
3301
961
16
3565
441
2369
2073
3449
1550
2625
1915
1188
3566
3165
237
2577
269
256
2714
688
2877
2495
667
1469
2242
687
2612
3546
2613
2327
2246
494
421
451
536
1586
1407
158
1076
3651
719
1944
329
562
2220
67
3172
2964
3363
3321
3155
3483
60
1974
2767
42
2004
745
2440
334
3283
981
691
2442
3375
1205
320
2995
661
2072
2695
2088
2747
198
2541
1867
111
1645
2137
2348
2263
1740
1070
81
951
165
616
2891
2586
1166
1860
1606
2289
1802
3369
1655
2451
615
3556
191
3443
2515
1557
2943
299
3433
3056
3294
1147
1771
3521
181
2659
1908
2556
573
1252
774
3574
1447
649
3286
968
1988
475
2135
2927
1174
268
1490
789
325
2931
2615
1986
1149
1238
3094
2110
3218
1245
1920
1566
527
1117
2149
3148
762
655
937
352
1024
2445
1766
3438
3022
2376
1731
2901
756
332
2475
1085
1162
905
459
395
7
1818
1310
1734
3257
2454
1652
862
1326
3019
1264
602
3393
2570
1839
108
3289
3447
3098
918
146
2249
1539
2412
2826
2670
966
1068
1535
1624
1753
333
2808
493
2817
1369
1172
2301
1647
2576
1508
2607
683
206
865
933
3311
3536
1599
3201
1767
1892
461
2634
2701
684
1665
1015
2470
1905
1872
2385
2564
3204
3580
3314
2257
3154
2882
2726
3437
1227
3615
3352
212
2804
2951
438
1804
3585
993
2802
871
763
3465
1075
391
95
1482
1948
2655
2500
1216
2407
3609
1792
2619
2127
2226
815
2299
2838
1676
6
1431
546
1150
3175
1768
3041
1836
978
2368
3342
2058
2081
161
3527
2987
2806
2363
1962
3506
695
1797
1938
444
3645
2414
1903
2504
418
698
2215
2582
3532
2781
1300
3023
1397
1268
2293
1436
1537
3386
1940
1182
242
2173
519
1054
2674
2644
1878
2605
2744
2594
1366
976
3181
362
3582
2959
1774
464
1193
312
1284
3587
2734
3594
1473
2328
2036
1789
2353
453
2966
555
1100
2746
2381
2737
2658
2925
2960
3642
1707
1671
1799
2968
1685
1748
1361
1399
2003
2730
3072
2935
680
1003
1421
1278
370
1646
38
3312
384
1265
2849
1626
1461
583
499
79
411
1813
1776
3052
2889
925
1435
1589
1437
1321
397
2024
969
1900
1044
1873
3122
1288
3414
3285
1163
469
1228
620
2453
2532
3323
3657
2782
30
1314
1283
1765
3634
1794
2182
3060
140
3115
3493
3124
2180
3520
1385
390
3548
759
2765
3620
2253
264
63
344
692
3174
1305
1517
2858
3659
3116
2090
814
1558
1291
517
1002
908
3500
2080
2760
1109
771
3365
553
1090
159
1679
1672
2816
2479
3014
3553
990
1222
3210
2107
544
1991
899
1513
40
2434
2752
2848
2415
824
305
3461
2550
89
3362
1058
2645
563
2349
2745
1801
727
822
2370
448
3270
3191
1585
251
2317
520
1299
1980
3541
1609
2466
1302
2548
1524
1620
1481
755
3432
3618
1082
1604
2852
3142
2727
1135
2123
1387
3051
1772
11
860
3389
134
1339
2477
783
1983
2071
1143
3627
2736
1982
1945
3455
1046
1885
1190
497
3263
1286
877
2331
1254
746
1973
2523
1067
2178
3140
2546
349
2128
2520
3403
1590
1995
2963
15
3638
2593
2152
1625
1895
1883
611
2801
1870
2251
3625
2776
1919
2162
2638
733
394
1729
2617
1527
439
1521
308
641
275
2513
1582
2946
3229
2169
580
914
2980
2954
2682
1124
542
2304
2491
3525
3307
1468
3100
2212
3554
2967
504
2356
3505
1362
3306
1691
440
3097
2517
622
1615
252
2296
2940
931
2455
2000
2861
3303
643
3341
1917
963
2923
1636
1078
837
2013
3614
1108
1934
699
490
2843
1631
3631
3498
188
1442
260
975
595
1857
262
2569
772
2396
59
309
2211
3650
1398
1316
606
3101
3173
3337
1023
477
1488
722
1131
1353
3652
716
2725
798
3047
2761
2312
2008
1568
884
2467
1266
537
2437
1008
1451
2865
367
2392
3080
1005
2830
2687
625
1248
1499
2344
2032
2740
2977
2148
3087
457
703
532
3240
2661
2648
3036
2528
3444
1828
2651
1347
2759
1670
2334
3343
1725
3383
3117
3171
2223
1709
2473
718
2272
2700
1113
958
2468
2887
46
351
2824
2750
844
2238
1098
3232
1207
2054
2248
3328
2326
3392
1518
3397
940
3628
3654
1781
3344
973
728
1061
2241
1874
2164
2956
1913
2234
3324
1201
2639
1556
1251
133
1091
3105
450
1559
629
231
1856
3299
2092
2600
3568
2913
1427
713
2958
1014
2201
62
2213
2277
2557
1485
3207
426
1164
1210
3637
3119
1805
293
1584
1947
1069
2053
857
2063
3593
675
203
735
3071
3194
1428
1045
1935
578
1297
3648
485
3398
574
2325
657
1464
2965
2683
1484
549
801
1972
639
1512
1721
2616
1538
3571
2855
1681
2295
1583
435
286
2025
1420
1705
1720
1554
1825
2908
2438
1696
892
2167
2521
1506
3143
1262
2795
3353
1597
1821
2014
3549
1922
2005
3415
3327
164
3400
2405
3460
1304
3059
2324
1710
3230
2190
1750
2264
342
2207
1718
3163
153
192
2079
1770
1331
1016
2273
943
3192
3259
468
2509
2497
1259
2290
2869
1849
2371
2547
364
101
3370
856
613
1569
2186
2235
122
585
3480
1780
2031
1923
738
3413
358
715
2568
2900
894
2872
3361
723
1125
481
2421
2973
2822
834
1346
2890
924
1478
3320
1138
336
3235
1588
2461
2037
3524
2797
3187
2989
597
724
1694
157
1540
1953
2393
72
1531
1503
3385
1243
1514
1292
3562
2011
1497
1621
656
92
1745
621
634
1479
1374
3540
3282
971
853
608
3317
3598
586
1743
1151
2140
1674
2846
2398
988
2677
3168
2926
3208
3031
3233
652
2335
2131
321
3530
2361
2192
879
25
112
2791
1773
1815
2538
1171
2297
3277
2074
2874
2924
1429
2676
2945
2643
1406
659
1301
2362
512
1858
2665
2502
983
3515
2411
2060
1404
2763
2905
1178
3424
382
1158
2021
901
1412
1336
3526
1715
2567
842
3132
668
2126
104
530
2533
670
3066
567
3420
2857
1382
246
201
2177
1785
1640
2323
2197
376
65
2688
640
2728
1607
3511
2313
3576
2672
1161
589
21
271
345
3503
1233
3002
1879
406
1180
258
2176
90
2937
3292
2387
2681
1502
105
3425
2529
1477
20
1294
324
1393
3517
707
1445
923
2144
1893
1651
71
568
2778
404
2706
2741
1373
2903
127
749
1423
2757
2840
315
1333
248
3533
1225
818
1391
235
1523
436
1912
2446
1896
2979
1968
2040
2768
3227
2068
1756
3193
142
266
1144
3238
138
3384
3131
2084
3457
1424
1060
2250
881
2783
449
1981
1876
2526
117
311
3601
1074
1682
1861
2093
1510
1787
369
1364
2947
221
2064
3422
168
2243
3380
3160
2224
934
1829
116
1221
902
1990
2579
674
2118
2395
582
3241
368
2347
3431
2366
907
1048
2341
2285
697
3151
3064
2837
3622
806
2462
942
1449
2850
1633
835
1808
2185
480
2631
3476
3563
1242
1960
2815
2416
3479
3273
2679
3643
2187
2873
1956
225
3219
2784
2482
3318
88
2125
3243
1256
1317
1727
2174
965
2136
407
838
2408
425
3291
646
420
572
419
750
552
3395
194
3430
85
1089
2614
2895
2948
2028
2627
1998
1236
2265
1050
2571
704
3269
3196
1533
200
1635
2595
1894
2311
2572
2270
1154
1866
2130
2307
1501
1327
2811
1010
2527
335
3141
1897
710
1984
1177
2998
3040
69
2942
2540
2330
1049
1961
1673
307
3231
2354
263
2910
245
3588
114
986
2652
207
3490
2217
327
1880
757
2157
1169
726
282
3310
147
78
2962
3573
278
761
152
1028
1460
2441
1367
1500
1455
793
2419
310
1931
2733
1453
1596
730
956
2400
1416
3126
2112
2469
375
3123
2868
1287
381
287
2662
910
3513
2121
2492
3390
2991
1111
3255
3417
410
2711
525
2953
1547
1394
34
503
218
509
1159
1043
2756
1546
280
2994
3531
1824
1377
2907
3261
1231
2836
1019
632
1039
1987
1687
1747
846
3237
2642
2717
866
1405
2108
1791
2308
2166
3649
2558
2640
1532
51
500
357
870
2622
1549
2878
295
921
473
2139
3046
186
1790
2803
1140
247
2023
946
941
1708
3464
3445
214
758
645
1701
1379
1796
408
529
244
3334
1657
1692
1345
498
3577
428
3197
1591
2233
1528
1810
1971
1338
1842
2742
1759
2535
2006
285
2490
1354
501
1329
1041
2
2401
700
1057
609
202
3557
3346
1855
14
2113
2266
1258
2999
3224
1890
664
2102
2543
1280
1401
2929
1471
1185
1666
1376
166
662
1392
3466
2078
2512
1544
2921
2316
1638
91
1319
1450
2418
2917
3333
3592
492
379
1933
1470
1277
32
954
1105
2561
534
2886
3156
1390
2391
2786
3419
2051
1746
1296
13
1337
3611
3401
2098
3275
2694
936
2833
1783
702
874
1055
3262
3054
1414
3038
1152
3405
1610
19
3402
2854
1927
145
3281
3062
3121
524
2179
304
3185
224
3600
603
1103
3472
3579
2252
1466
1160
57
1664
2256
2719
3547
283
3106
3491
987
2814
2303
2788
240
3544
2771
2718
2104
547
177
2851
2154
2984
3033
36
2061
154
488
2077
3508
2059
52
3184
2894
3084
3152
1276
2459
751
199
776
2484
3551
205
955
2591
791
3088
831
3467
322
3190
139
1021
1817
3492
2553
1724
515
1563
3099
533
2373
3108
2862
330
400
1157
729
2716
1757
2429
2193
1411
1669
96
3284
619
1726
2076
228
2997
3300
1344
994
1204
739
1081
2183
2971
3590
1926
1004
1736
1577
1522
917
2554
3245
1026
3448
2035
663
3061
355
76
705
1738
1698
3535
850
886
1881
3239
1487
666
828
1764
1882
507
2864
1440
1975
2384
1730
854
2378
118
3619
1916
241
781
2597
2406
2881
741
2952
1957
2602
2867
2636
3247
431
3032
2888
175
2922
3471
405
1123
2972
796
1020
2287
1732
967
1211
1737
800
1837
960
2796
1999
1832
671
623
535
3586
2029
2309
398
505
1552
2397
2009
2654
1229
811
392
635
389
2983
1217
1476
1110
2041
3266
1639
1438
2001
2133
2685
2990
3177
2856
669
3276
1000
3602
3252
2052
2944
2276
1114
1690
2839
1602
3179
1548
222
1183
2764
2020
1402
2292
416
253
328
3104
288
3469
1598
1622
2936
952
1145
2519
2065
55
2379
2684
3355
996
938
878
2916
2480
2975
1173
1989
338
3302
1898
331
1483
1658
2772
1053
1051
3083
2431
3603
1257
227
812
2214
970
3435
2333
830
2202
2580
1309
1505
2430
1875
1240
290
1226
3130
2271
935
29
255
2153
119
3378
2399
3157
974
2170
2443
577
1985
3253
1735
3034
3655
1127
484
1107
3482
3605
1359
1375
593
2623
2101
3055
1037
1290
2070
233
130
1194
386
2530
360
1850
2911
2403
3624
2352
2777
125
1142
350
1209
743
2524
1496
2552
3209
1703
2536
2042
927
1034
1122
1733
1807
50
1279
2986
2525
1617
2909
3260
1056
2047
779
2417
736
2422
3213
474
1868
1334
243
2832
1064
1176
2516
2067
3147
1244
1106
456
303
3451
417
906
2057
1618
2010
476
2723
1788
3107
2976
483
1520
3127
3018
1186
1660
123
3621
2151
560
2302
2283
2879
1084
3113
2863
340
1613
550
682
1595
1661
1901
2668
2343
767
1491
1215
802
1594
3200
760
912
373
514
3495
2386
3
3510
1261
2463
1219
75
3189
2708
823
2282
3217
3359
2198
1465
528
466
598
1370
1269
170
2260
297
2119
2208
1717
851
1644
2478
1663
543
1203
972
932
3632
2365
452
3658
1065
93
3452
1197
2337
265
3236
343
17
1457
590
3368
3316
3446
992
1571
2150
1918
1811
579
1704
3057
2902
1848
1235
2062
1129
2449
70
882
98
1939
1587
1328
2738
2560
3610
2196
3462
3409
1713
864
2506
3412
612
3345
1942
3387
2288
1022
3617
3069
508
2915
1153
614
2163
1906
2893
3570
944
3613
1847
3453
980
489
2122
2433
2787
220
2961
1572
3246
2372
2821
2819
840
2171
326
694
545
3427
3347
1395
788
239
2016
829
1693
2423
790
1656
2666
2698
2015
869
3607
1239
1357
301
859
470
502
836
2697
2898
2798
3222
1697
1929
2514
2476
1030
113
1978
1700
809
151
1562
2766
2274
2106
3214
3250
2880
1921
2702
3096
1413
3268
949
2383
2247
1087
48
3591
748
2762
3348
792
173
3507
3225
163
137
2018
3205
1871
2444
591
363
2549
2321
3534
1853
1576
306
1031
1579
880
1862
217
2105
2713
3373
1136
2314
172
1444
3176
3468
1128
658
427
257
9
1642
780
2721
795
2950
3223
41
1689
1247
3159
2432
2912
1165
3258
2205
1088
496
1372
953
110
2338
883
672
633
807
1115
1755
778
3089
576
2699
2206
1823
558
1976
1332
1025
2722
2739
2562
169
2254
1381
1096
3501
1267
852
1307
3234
2779
1536
3004
3374
372
3372
144
1312
2209
2141
2583
1970
2464
1812
1121
3542
1831
1952
3048
3349
1526
1260
2332
2439
3489
1200
2712
74
570
3475
1803
1063
2143
1295
359
717
928
3050
1629
39
2261
2537
1495
1311
1350
2329
511
3180
2409
1494
3042
1493
804
1271
323
1567
1749
1911
2653
1954
1241
3509
1827
413
56
3305
2138
1433
1739
2367
1066
1943
1716
1187
1632
2336
2244
3644
2159
518
2487
650
3183
2988
28
1196
1884
721
197
2160
1126
915
1073
3166
1675
432
740
1202
3589
3512
2870
1761
1356
604
3037
2452
229
2132
2626
1418
1237
3560
1814
1683
982
2237
314
1899
2780
3354
2705
964
1634
94
2320
1820
3335
559
3484
2346
803
1363
2885
454
353
1246
236
2043
230
387
1846
2111
2221
2017
103
2974
1094
1843
2906
607
2566
3450
1348
213
2932
1877
2860
2448
437
1516
3290
1146
2161
2609
3125
1422
2918
3376
491
926
839
1093
2007
455
1368
1212
155
2100
991
2044
2884
539
985
254
3641
2390
100
2494
291
2388
267
3228
1515
0
2522
1139
1659
2305
3350
3404
681
120
83
3309
855
1904
872
2165
3572
3640
770
1648
2678
2866
1459
858
87
2435
2813
522
2933
895
599
316
1838
3074
1230
1809
999
2775
3388
1909
3416
273
523
1723
1232
919
2588
128
415
3494
8
1492
596
3351
3379
3076
2928
463
848
183
3407
2404
216
513
2222
1719
178
1545
1958
1104
1396
3251
1795
156
3164
2773
2657
2938
1889
162
909
1955
2876
3067
673
587
3058
3396
610
1907
2340
1891
3639
2748
1616
647
2120
1668
618
2116
106
458
911
3109
1047
3136
2280
1699
1949
3029
2794
49
365
1341
2382
1148
893
27
2892
3381
2635
3279
1706
720
3110
2315
2066
86
1486
678
2258
3656
2671
1293
3021
832
294
462
708
2581
2792
897
939
3377
374
337
3499
1561
3086
2542
1864
3138
393
1223
626
3093
3329
744
460
1013
77
773
2667
3030
1380
863
2669
820
2259
3278
3360
1841
3220
2485
24
1458
1511
1430
1786
813
2357
2753
1218
1964
1865
541
3612
1018
2147
3604
2219
10
1800
2993
1282
313
2195
631
1360
2732
617
149
891
1833
1213
2019
3339
775
3646
564
3391
3202
3082
3102
3288
1274
2710
3583
1330
2091
2534
1762
2038
1541
3408
1763
2820
1963
2155
1040
2584
129
1722
22
3111
2505
957
1630
5
1342
1141
2129
403
2692
3079
2510
3558
3523
2693
1834
2920
97
3367
1454
64
3078
2720
2847
1400
3442
1384
2769
679
3170
3186
2709
849
575
3271
2969
467
2590
3298
1099
3026
2486
2871
47
1575
959
677
346
920
2039
3053
1289
2471
160
1551
185
896
3068
2489
12
2637
1320
2279
109
913
2033
2300
2982
1688
396
1641
2002
706
2691
1448
2189
54
284
3543
3118
412
916
686
2465
2793
1306
2158
1170
37
1686
1565
786
1325
1888
630
3081
1525
1925
1650
1480
843
696
2050
1322
1206
1684
3039
3599
107
1887
433
276
215
223
2184
605
817
3182
1155
1835
2095
1994
2743
3399
2460
3331
3606
3474
1462
2812
2055
2985
1826
2539
742
1285
3502
1199
3326
80
725
556
1782
3552
238
2498
1340
3265
1816
2360
1564
2618
3559
2232
3429
2735
3356
121
317
887
785
531
3487
2647
2531
1255
18
3440
1358
2621
601
3158
3330
279
995
1253
210
2608
1695
1208
998
638
3153
3584
1728
1192
1120
2641
356
1714
296
2342
794
2240
1845
23
1027
1112
3248
414
84
2680
